Input Matrix: 
13 10 8 14 8 
10 21 2 14 18 
8 2 17 6 13 
14 14 6 15 11 
8 18 13 11 18 

Tridiagonal Matrix:
13 -20.5913 0 0 0 
-20.5913 46.8679 -13.9281 0 0 
0 -13.9281 9.63369 2.08173 0 
0 0 2.08173 -0.769533 -5.44229 
0 0 0 -5.44229 15.2679 

Householder Matrix: 
1 0 0 0 0 
0 -0.485643 0.339337 0.752512 -0.287624 
0 -0.388514 -0.107893 0.14337 0.903803 
0 -0.6799 -0.59328 -0.292306 -0.316721 
0 -0.388514 0.721962 -0.572475 0.00998808 
